0 0.35043478260869565 0.6875 0.09217391304347826 0.24537037037037035
0 0.4852173913043478 0.6643518518518519 0.09391304347826088 0.23148148148148145
0 0.6243478260869565 0.6770833333333333 0.09043478260869565 0.2384259259259259
0 0.7573913043478261 0.6840277777777778 0.10956521739130436 0.21990740740740738
0 0.8747826086956522 0.4942129629629629 0.12869565217391304 0.33564814814814814
0 0.4391304347826087 0.42245370370370366 0.06434782608695652 0.1875
0 0.5339130434782609 0.40046296296296297 0.06956521739130435 0.17592592592592593
0 0.6217391304347827 0.4143518518518518 0.06434782608695652 0.16666666666666666
0 0.06869565217391305 0.5474537037037037 0.08521739130434783 0.4236111111111111
0 0.1756521739130435 0.5555555555555556 0.09391304347826088 0.4212962962962963
0 0.2669565217391304 0.5219907407407407 0.06434782608695652 0.4097222222222222
