0 0.08359375000000001 0.8514150943396226 0.029687500000000002 0.11320754716981132
0 0.1265625 0.8266509433962264 0.034375 0.14386792452830188
0 0.20703125 0.9127358490566038 0.045312500000000006 0.1650943396226415
0 0.24921875000000002 0.910377358490566 0.035937500000000004 0.16981132075471697
0 0.31328125 0.9339622641509434 0.051562500000000004 0.12735849056603774
0 0.828125 0.8738207547169811 0.05 0.125
0 0.88046875 0.8738207547169811 0.0484375 0.1721698113207547
0 0.3875 0.9316037735849056 0.05 0.12735849056603774
0 0.48125 0.9375 0.046875 0.12971698113207547
0 0.70625 0.8148584905660377 0.028125 0.09669811320754716
0 0.75 0.8360849056603773 0.03125 0.09669811320754716
0 0.7375 0.9398584905660377 0.053125000000000006 0.09669811320754716
0 0.6312500000000001 0.8714622641509434 0.028125 0.1061320754716981
0 0.58046875 0.8667452830188679 0.051562500000000004 0.1061320754716981
0 0.9320312500000001 0.8290094339622641 0.0390625 0.12971698113207547
0 0.97265625 0.7912735849056604 0.0328125 0.13443396226415094
0 0.035937500000000004 0.7700471698113207 0.025 0.08254716981132075
0 0.7898437500000001 0.7865566037735848 0.026562500000000003 0.07783018867924528
