0 0.12890625 0.6370023419203747 0.2421875 0.6697892271662763
0 0.37734375000000003 0.4953161592505855 0.18906250000000002 0.5128805620608899
0 0.55234375 0.3793911007025761 0.1484375 0.351288056206089
0 0.69140625 0.36533957845433257 0.1171875 0.351288056206089
0 0.83125 0.319672131147541 0.13125 0.3629976580796253
0 0.95625 0.2611241217798595 0.09062500000000001 0.23185011709601874
0 0.90390625 0.08430913348946135 0.1265625 0.15456674473067916
0 0.13203125000000002 0.15807962529274006 0.2234375 0.2927400468384075
0 0.45625000000000004 0.07142857142857142 0.053125000000000006 0.1288056206088993
0 0.36484375 0.10304449648711944 0.0734375 0.13114754098360656
0 0.63984375 0.13700234192037472 0.0328125 0.09601873536299765
0 0.6859375000000001 0.06791569086651054 0.053125000000000006 0.10772833723653395
0 0.61640625 0.06908665105386416 0.029687500000000002 0.0585480093676815
0 0.5828125000000001 0.059718969555035126 0.028125 0.06323185011709602
