0 0.84375 0.4186691312384473 0.08750000000000001 0.15711645101663585
0 0.925 0.5351201478743068 0.140625 0.4269870609981516
0 0.753125 0.49630314232902034 0.08750000000000001 0.22365988909426987
0 0.6742187500000001 0.44916820702402954 0.0703125 0.21811460258780035
0 0.56640625 0.4066543438077634 0.0671875 0.17005545286506468
0 0.27734375 0.27911275415896486 0.0484375 0.18114602587800369
0 0.06328125 0.23937153419593346 0.0484375 0.1866913123844732
0 0.1546875 0.2634011090573013 0.046875 0.1534195933456562
0 0.3765625 0.32255083179297594 0.046875 0.16820702402957485
0 0.46953125 0.19963031423290203 0.0421875 0.09242144177449169
0 0.8539062500000001 0.16266173752310537 0.0390625 0.06284658040665435
