0 0.9444444444444444 0.494281045751634 0.11437908496732027 0.6781045751633987
0 0.7679738562091504 0.42320261437908496 0.2058823529411765 0.6699346405228759
0 0.6364379084967321 0.3962418300653595 0.09313725490196079 0.4035947712418301
0 0.5686274509803921 0.39215686274509803 0.07189542483660132 0.28431372549019607
0 0.4550653594771242 0.4011437908496732 0.057189542483660136 0.18137254901960784
0 0.505718954248366 0.33986928104575165 0.04084967320261438 0.08823529411764706
0 0.37826797385620914 0.4166666666666667 0.07026143790849673 0.18300653594771243
0 0.31699346405228757 0.4109477124183007 0.03594771241830066 0.14215686274509803
0 0.25245098039215685 0.4158496732026144 0.03104575163398693 0.09313725490196079
0 0.12663398692810457 0.41013071895424835 0.02777777777777778 0.06862745098039216
