0 0.11187214611872145 0.8290094339622641 0.1187214611872146 0.2193396226415094
0 0.22602739726027396 0.8419811320754716 0.0593607305936073 0.18396226415094338
0 0.33105022831050224 0.8372641509433962 0.0730593607305936 0.20283018867924527
0 0.4337899543378995 0.8325471698113207 0.0867579908675799 0.21698113207547168
0 0.5388127853881278 0.8360849056603773 0.1004566210045662 0.22877358490566038
0 0.658675799086758 0.830188679245283 0.07990867579908675 0.18396226415094338
0 0.7682648401826484 0.8349056603773585 0.11187214611872145 0.2122641509433962
0 0.9063926940639269 0.8360849056603773 0.1324200913242009 0.2429245283018868
0 0.12899543378995432 0.6002358490566038 0.07077625570776255 0.16745283018867924
0 0.25 0.5955188679245282 0.06164383561643835 0.16745283018867924
0 0.3504566210045662 0.5860849056603773 0.08904109589041095 0.14386792452830188
0 0.4794520547945205 0.5919811320754716 0.0547945205479452 0.14150943396226415
0 0.7248858447488584 0.5860849056603773 0.10273972602739725 0.14386792452830188
0 0.03767123287671233 0.09433962264150943 0.05251141552511415 0.1320754716981132
0 0.7705479452054794 0.08962264150943396 0.06164383561643835 0.10849056603773584
0 0.5570776255707762 0.23702830188679244 0.1141552511415525 0.16273584905660377
0 0.2796803652968036 0.15212264150943397 0.07990867579908675 0.11084905660377357
0 0.1952054794520548 0.3903301886792453 0.06621004566210045 0.18160377358490565
0 0.7819634703196346 0.23113207547169812 0.09360730593607305 0.12735849056603774
0 0.8070776255707762 0.38443396226415094 0.07990867579908675 0.16037735849056603
0 0.3641552511415525 0.41745283018867924 0.08904109589041095 0.10849056603773584
