0 0.503125 0.689695550351288 0.034375 0.22716627634660422
0 0.58046875 0.6990632318501171 0.06406250000000001 0.2224824355971897
0 0.65546875 0.7060889929742389 0.045312500000000006 0.21779859484777517
0 0.71640625 0.7084309133489461 0.0234375 0.12412177985948478
0 0.7453125 0.7622950819672131 0.028125 0.04918032786885246
0 0.8226562500000001 0.7131147540983607 0.029687500000000002 0.12412177985948478
0 0.07187500000000001 0.6943793911007026 0.028125 0.1053864168618267
0 0.2828125 0.7295081967213115 0.03125 0.04918032786885246
0 0.41953125 0.7060889929742389 0.0234375 0.09601873536299765
0 0.4546875 0.7060889929742389 0.018750000000000003 0.10070257611241218
