0 0.75 0.7494145199063231 0.07187500000000001 0.37470725995316156
0 0.87421875 0.7693208430913349 0.06406250000000001 0.37236533957845436
0 0.61484375 0.15105386416861827 0.0328125 0.06791569086651054
0 0.5265625 0.18735362997658078 0.03125 0.07962529274004684
0 0.56796875 0.16978922716627634 0.035937500000000004 0.07728337236533958
0 0.225 0.7107728337236534 0.03125 0.2646370023419204
0 0.16562500000000002 0.7295081967213115 0.034375 0.2927400468384075
0 0.29765625 0.6943793911007026 0.035937500000000004 0.2646370023419204
0 0.35781250000000003 0.6885245901639344 0.028125 0.22482435597189696
0 0.41171875 0.6639344262295082 0.0234375 0.19437939110070257
0 0.06484375 0.7330210772833724 0.0421875 0.3091334894613583
