0 0.84375 0.7628504672897196 0.1 0.4462616822429906
0 0.7718750000000001 0.7698598130841121 0.05 0.4275700934579439
0 0.2546875 0.8726635514018691 0.078125 0.1985981308411215
0 0.32265625000000003 0.8259345794392523 0.051562500000000004 0.17990654205607476
0 0.51484375 0.7266355140186915 0.0421875 0.24766355140186913
0 0.4375 0.7441588785046729 0.059375000000000004 0.25934579439252337
0 0.62421875 0.7359813084112149 0.0421875 0.0794392523364486
0 0.6882812500000001 0.7359813084112149 0.0484375 0.08411214953271028
0 0.309375 0.6752336448598131 0.059375000000000004 0.102803738317757
0 0.9500000000000001 0.6985981308411214 0.025 0.1308411214953271
0 0.9773437500000001 0.6764018691588785 0.029687500000000002 0.15654205607476634
0 0.15234375 0.7359813084112149 0.035937500000000004 0.08878504672897196
0 0.13828125 0.7570093457943925 0.0328125 0.06542056074766354
0 0.37421875000000004 0.6787383177570093 0.0421875 0.08177570093457943
0 0.37421875000000004 0.7546728971962616 0.045312500000000006 0.102803738317757
0 0.5640625 0.7313084112149533 0.046875 0.09345794392523364
0 0.5578125 0.6261682242990654 0.021875000000000002 0.07009345794392523
0 0.58828125 0.6378504672897196 0.0328125 0.0794392523364486
0 0.23593750000000002 0.7324766355140186 0.05625 0.08644859813084112
