0 0.3640625 0.5052083333333334 0.253125 0.29791666666666666
0 0.44453125000000004 0.8489583333333334 0.1484375 0.29375
0 0.85859375 0.80625 0.17343750000000002 0.35833333333333334
0 0.784375 0.35104166666666664 0.059375000000000004 0.22291666666666665
0 0.6140625000000001 0.2604166666666667 0.053125000000000006 0.16666666666666666
0 0.55703125 0.2760416666666667 0.045312500000000006 0.13958333333333334
0 0.44062500000000004 0.21666666666666667 0.05 0.05416666666666667
0 0.49296875 0.21770833333333334 0.0421875 0.06458333333333333
0 0.8453125 0.2791666666666667 0.043750000000000004 0.13333333333333333
0 0.07187500000000001 0.24895833333333334 0.040625 0.09791666666666667
0 0.026562500000000003 0.16770833333333332 0.040625 0.07708333333333334
0 0.08515625 0.16458333333333333 0.0484375 0.0625
0 0.13984375000000002 0.17083333333333334 0.045312500000000006 0.0625
0 0.83515625 0.17083333333333334 0.045312500000000006 0.06666666666666667
0 0.9140625 0.15729166666666666 0.040625 0.07291666666666667
0 0.95234375 0.23854166666666665 0.035937500000000004 0.06875
0 0.2921875 0.057291666666666664 0.028125 0.06458333333333333
0 0.7312500000000001 0.2833333333333333 0.043750000000000004 0.11666666666666667
