0 0.55234375 0.565625 0.32656250000000003 0.85625
0 0.7578125 0.35 0.14375000000000002 0.16666666666666666
0 0.59296875 0.33958333333333335 0.08281250000000001 0.15416666666666667
0 0.7703125000000001 0.171875 0.07500000000000001 0.14375
0 0.85078125 0.15729166666666666 0.06406250000000001 0.15625
0 0.06875 0.3104166666666667 0.109375 0.2125
0 0.2109375 0.22291666666666665 0.096875 0.22916666666666666
0 0.09375 0.15833333333333333 0.08750000000000001 0.125
0 0.35468750000000004 0.3208333333333333 0.05625 0.12916666666666665
0 0.4 0.08541666666666667 0.053125000000000006 0.08333333333333333
0 0.51015625 0.08541666666666667 0.060937500000000006 0.07916666666666666
