0 0.096875 0.6452513966480448 0.09062500000000001 0.4301675977653631
0 0.18515625000000002 0.6284916201117319 0.0703125 0.3910614525139665
0 0.26953125 0.6424581005586593 0.0671875 0.38547486033519557
0 0.34921875 0.643854748603352 0.0671875 0.3994413407821229
0 0.43593750000000003 0.6354748603351955 0.078125 0.39385474860335196
0 0.521875 0.6368715083798883 0.07500000000000001 0.3910614525139665
0 0.6046875 0.6243016759776536 0.078125 0.39385474860335196
0 0.68515625 0.6396648044692738 0.0734375 0.4022346368715084
0 0.7671875 0.61731843575419 0.06875 0.37988826815642457
0 0.8484375000000001 0.6270949720670391 0.078125 0.40502793296089384
0 0.9265625000000001 0.6410614525139665 0.078125 0.38268156424581007
0 0.06484375 0.3645251396648045 0.0546875 0.12569832402234637
0 0.16328125000000002 0.388268156424581 0.0484375 0.111731843575419
0 0.23125 0.3784916201117319 0.043750000000000004 0.12011173184357542
0 0.32421875 0.38687150837988826 0.0484375 0.11452513966480447
0 0.38593750000000004 0.3784916201117319 0.046875 0.13687150837988826
0 0.4375 0.38268156424581007 0.046875 0.1229050279329609
0 0.62265625 0.38268156424581007 0.0671875 0.111731843575419
0 0.796875 0.3756983240223464 0.0625 0.08659217877094973
0 0.940625 0.3924581005586592 0.0625 0.10893854748603353
