0 0.21895424836601307 0.5743464052287582 0.0784313725490196 0.10620915032679738
0 0.9068627450980392 0.5220588235294118 0.08169934640522876 0.08006535947712419
0 0.6944444444444444 0.46977124183006536 0.042483660130718956 0.06045751633986928
0 0.34477124183006536 0.4665032679738562 0.042483660130718956 0.06045751633986928
0 0.5261437908496732 0.4534313725490196 0.029411764705882353 0.04738562091503268
0 0.09722222222222222 0.5915032679738562 0.04738562091503268 0.08496732026143791
0 0.13643790849673204 0.5988562091503268 0.04738562091503268 0.06699346405228758
0 0.9754901960784313 0.4150326797385621 0.022875816993464054 0.03594771241830066
0 0.33169934640522875 0.8513071895424836 0.16993464052287582 0.2973856209150327
0 0.5718954248366013 0.8660130718954249 0.17320261437908496 0.2549019607843137
0 0.2361111111111111 0.7156862745098039 0.119281045751634 0.16993464052287582
