0 0.35468750000000004 0.6777777777777778 0.109375 0.49444444444444446
0 0.58984375 0.41111111111111115 0.11406250000000001 0.5944444444444444
0 0.6898437500000001 0.375 0.0546875 0.22222222222222224
0 0.89453125 0.31666666666666665 0.045312500000000006 0.13333333333333333
0 0.9671875000000001 0.3013888888888889 0.059375000000000004 0.23055555555555557
0 0.16484375 0.27222222222222225 0.029687500000000002 0.1388888888888889
0 0.43828125 0.23472222222222222 0.045312500000000006 0.15833333333333333
0 0.06796875000000001 0.2263888888888889 0.0421875 0.14722222222222223
0 0.021875000000000002 0.2138888888888889 0.034375 0.13333333333333333
0 0.3515625 0.20833333333333334 0.028125 0.08888888888888889
0 0.2890625 0.21944444444444444 0.021875000000000002 0.06666666666666667
0 0.31562500000000004 0.21666666666666667 0.018750000000000003 0.06666666666666667
