0 0.3453125 0.5314685314685315 0.25 0.7226107226107226
0 0.640625 0.49184149184149184 0.12187500000000001 0.3822843822843823
0 0.8890625000000001 0.34498834498834496 0.03125 0.11655011655011654
0 0.9226562500000001 0.35664335664335667 0.0234375 0.13986013986013987
0 0.9515625000000001 0.351981351981352 0.021875000000000002 0.12121212121212122
0 0.12109375 0.3962703962703963 0.0578125 0.3543123543123543
0 0.0734375 0.40559440559440557 0.034375 0.27972027972027974
0 0.7406250000000001 0.34265734265734266 0.028125 0.06993006993006994
0 0.42734375 0.3881118881118881 0.0203125 0.2261072261072261
0 0.4 0.36013986013986016 0.018750000000000003 0.1794871794871795
