0 0.047656250000000004 0.6401515151515151 0.0703125 0.34090909090909094
0 0.13671875 0.5852272727272727 0.0859375 0.3446969696969697
0 0.25859375 0.5492424242424243 0.08281250000000001 0.28030303030303033
0 0.371875 0.5492424242424243 0.07187500000000001 0.25757575757575757
0 0.51015625 0.5340909090909091 0.06406250000000001 0.2272727272727273
0 0.61484375 0.5606060606060607 0.11406250000000001 0.3181818181818182
0 0.7757812500000001 0.5833333333333334 0.0859375 0.25757575757575757
0 0.921875 0.6268939393939394 0.12812500000000002 0.32954545454545453
0 0.23359375000000002 0.26136363636363635 0.1015625 0.2196969696969697
0 0.5 0.3125 0.065625 0.17045454545454547
0 0.9046875000000001 0.30303030303030304 0.07500000000000001 0.25
0 0.69140625 0.3125 0.0546875 0.17045454545454547
