0 0.5335570469798657 0.6943181818181818 0.14093959731543623 0.32954545454545453
0 0.2609060402684564 0.7352272727272727 0.11241610738255034 0.375
0 0.3733221476510067 0.6545454545454545 0.08892617449664429 0.2409090909090909
0 0.13758389261744966 0.5340909090909091 0.1040268456375839 0.45909090909090905
0 0.2684563758389262 0.41818181818181815 0.08053691275167785 0.18181818181818182
0 0.7365771812080537 0.5897727272727272 0.10067114093959731 0.5840909090909091
0 0.3716442953020134 0.40795454545454546 0.08221476510067113 0.2159090909090909
0 0.47651006711409394 0.4659090909090909 0.08389261744966443 0.2909090909090909
0 0.572986577181208 0.4636363636363636 0.06543624161073826 0.21818181818181817
0 0.8540268456375839 0.5954545454545455 0.08053691275167785 0.5590909090909091
