0 0.10744500846023688 0.52875 0.1979695431472081 0.8325
0 0.3824027072758037 0.50875 0.14213197969543145 0.7275
0 0.4932318104906937 0.39 0.10321489001692047 0.505
0 0.5956006768189509 0.2775 0.10490693739424703 0.195
0 0.6954314720812182 0.2775 0.09475465313028765 0.29
0 0.6023688663282571 0.6925 0.09475465313028765 0.605
0 0.7377326565143824 0.68125 0.13874788494077833 0.5175
0 0.799492385786802 0.2475 0.09983079526226735 0.17500000000000002
0 0.8071065989847716 0.44125000000000003 0.07445008460236886 0.1775
0 0.9069373942470389 0.58625 0.12859560067681894 0.5675
