0 0.69921875 0.5721757322175731 0.045312500000000006 0.23640167364016734
0 0.5390625 0.5763598326359832 0.059375000000000004 0.2824267782426778
0 0.26953125 0.5334728033472803 0.045312500000000006 0.20920502092050208
0 0.1796875 0.4497907949790795 0.034375 0.15062761506276148
0 0.27890625 0.3933054393305439 0.0421875 0.0794979079497908
0 0.47734375 0.452928870292887 0.0234375 0.11087866108786609
0 0.753125 0.4445606694560669 0.05 0.20711297071129706
0 0.8765625 0.4717573221757322 0.043750000000000004 0.3200836820083682
0 0.1171875 0.3127615062761506 0.03125 0.08577405857740585
0 0.3765625 0.33368200836820083 0.021875000000000002 0.09832635983263598
0 0.56953125 0.352510460251046 0.0421875 0.14435146443514643
0 0.6414062500000001 0.35460251046025104 0.026562500000000003 0.0899581589958159
0 0.609375 0.34728033472803344 0.021875000000000002 0.09205020920502091
